function[Eto]=In_evaporation()


%%Eto= potential evapotranspiration (mm)
%Call none
%%Called by In_Etsplit


Eto=...
[4.755906775
4.757612579
4.759116242
4.760422466
4.761536113
4.762462198
4.763205885
4.763772472
4.764167385
4.764396171
4.764464486
4.764378085
4.764142818
4.763764615
5.064752027
5.06404404
5.063208
5.062250287
5.061177316
5.059995532
5.058711398
5.057331387
5.055861973
5.054309622
5.052680781
5.050981871
5.049219279
5.047399348
5.045528367
5.043612567
5.041658109
5.039671078
5.037657474
5.035623206
5.033574081
5.031515802
5.029453957
5.027394013
5.025341311
5.023301056
5.021278316
5.019278011
5.01730491
5.015363624
5.013458604
4.88491539
4.883235046
4.881598508
4.880009309
4.878470811
4.876986195
4.875558462
4.874190428
4.872884721
4.871643778
4.870469843
4.869364966
4.868330999
4.867369593
4.866482199
4.865670066
4.86493424
4.86427556
4.863694664
4.86319198
4.862767732
4.862421939
4.862154412
4.861964758
4.86185238
4.861816475
4.861856039
4.861969867
4.862156552
4.86241449
3.901461057
4.716428163];