A=[91	0
92	0.07
93	0.02
94	0
95	0
96	0.07
97	0.29
98	0.44
99	0.2
100	0.29
101	0.32
102	0.49
103	0.01
104	0
105	0
106	0
107	0
108	0
109	0
110	0
111	0
112	0
113	0.01
114	0.01
115	0
116	0.02
117	0
118	0.02
119	0.26
120	0.24
121	0.61
122	0
123	0.19
124	0.17
125	0.78
126	1.18
127	0.68
128	0
129	0
130	0
131	0
132	0
133	0
134	0
135	0
136	0
137	0.19
138	0.26
139	0.01
140	0.2
141	0
142	0.25
143	0.2
144	0.07
145	0
146	0
147	0.29
148	0.01
149	0
150	0]
