function input_time_series = read_input()

input_time_series = [...
1	0.0	4.6	0.55
2	1.1	3.5	0.44
3	3.7	1.4	0.43
4	0.3	1.3	0.43
5	0.0	1.0	0.43
6	3.1	-0.7	0.48
7	0.3	1.1	0.48
8	1.4	1.5	0.43
9	10.5	3.1	0.47
10	3.3	1.8	0.82
11	0.0	0.6	0.75
12	0.0	-0.6	0.65
13	3.3	0.9	0.51
14	2.6	1.4	0.48
15	6.0	2.4	0.50
16	1.3	1.3	0.58
17	0.0	1.0	0.56
18	0.0	0.4	0.47
19	2.9	0.3	0.45
20	0.1	2.5	0.46
21	1.0	5.3	0.47
22	4.1	6.8	0.41
23	3.0	6.9	0.52
24	2.7	7.5	0.50
25	3.8	9.1	0.56
26	4.1	8.5	0.55
27	3.9	6.6	0.52
28	0.0	7.1	0.52
29	0.0	1.8	0.47
30	0.0	-1.1	0.46
31	0.0	-1.6	0.43
32	0.0	-1.9	0.42
33	0.0	-2.0	0.39
34	5.4	1.5	0.40
35	7.3	4.2	0.44
36	1.7	6.1	0.72
37	6.5	7.5	0.51
38	5.2	7.8	0.60
39	0.0	7.7	0.60
40	4.9	4.9	0.53
41	1.2	5.2	0.58
42	0.3	7.2	0.55
43	1.8	5.7	0.51
44	2.5	6.1	0.47
45	6.5	5.6	0.47
46	0.5	4.7	0.60
47	1.0	3.8	0.55
48	3.5	5.4	0.50
49	6.9	6.5	0.56
50	7.0	5.8	0.71
51	13.5	7.9	0.94
52	1.9	7.7	0.81
53	0.2	8.3	0.62
54	0.3	7.2	0.58
55	2.6	7.3	0.56
56	2.4	5.5	0.57
57	0.1	1.3	0.62
58	0.0	-0.5	0.54
59	0.0	0.5	0.49
60	0.7	0.8	0.47
61	0.7	5.3	0.47
62	0.1	9.0	0.47
63	1.3	10.5	0.47
64	0.1	6.4	0.47
65	0.0	6.4	0.47
66	0.6	10.5	0.42
67	0.0	9.4	0.45
68	0.0	10.8	0.43
69	0.7	10.5	0.43
70	3.7	8.8	0.45
71	0.0	6.9	0.46
72	4.4	5.6	0.39
73	4.6	6.9	0.54
74	0.1	8.0	0.55
75	3.5	11.1	0.50
76	0.0	10.0	0.46
77	8.3	8.4	0.45
78	1.3	7.2	0.43
79	13.7	5.6	0.47
80	2.8	5.0	0.83
81	0.9	5.6	0.60
82	1.8	7.0	0.57
83	1.5	9.5	0.52
84	0.1	7.9	0.48
85	1.0	8.2	0.47
86	20.1	7.9	0.65
87	0.8	1.9	0.84
88	0.0	0.8	0.64
89	0.0	-0.1	0.56
90	8.1	1.1	0.53
91	4.5	4.3	0.70
92	9.3	7.0	0.64
93	4.8	5.3	0.95
94	1.2	4.5	0.77
95	0.0	4.4	0.64
96	4.2	3.6	0.59
97	0.8	3.6	0.60
98	0.2	2.0	0.56
99	0.0	0.6	0.56
100	1.5	0.7	0.52
101	1.8	2.8	0.47
102	1.1	4.9	0.51
103	9.2	6.3	0.64
104	4.0	4.5	0.66
105	6.2	5.0	0.58
106	0.0	4.0	0.52
107	0.0	5.6	0.51
108	0.0	4.3	0.47
109	0.0	4.0	0.46
110	1.0	6.4	0.44
111	0.0	7.0	0.45
112	15.4	11.0	0.47
113	4.2	10.9	0.73
114	2.9	8.8	0.61
115	0.5	8.0	0.57
116	0.0	11.2	0.54
117	0.2	8.8	0.47
118	0.2	8.2	0.45
119	0.0	8.6	0.46
120	0.1	8.8	0.41
121	5.6	7.7	0.45
122	0.5	9.8	0.47
123	2.0	10.7	0.41
124	1.4	8.5	0.47
125	0.7	7.9	0.41
126	0.0	9.1	0.41
127	0.0	9.7	0.37
128	1.8	8.5	0.40
129	0.8	8.8	0.42
130	1.0	10.3	0.39
131	4.5	12.5	0.39
132	7.9	13.8	0.48
133	3.6	9.8	0.45
134	0.1	7.7	0.41
135	1.7	8.6	0.43
136	13.6	9.7	0.53
137	0.0	11.7	0.54
138	0.0	13.3	0.40
139	1.0	13.8	0.35
140	8.0	9.8	0.43
141	0.4	8.5	0.41
142	0.0	11.1	0.39
143	0.0	11.7	0.36
144	0.0	14.0	0.34
145	0.0	16.8	0.33
146	0.0	16.1	0.34
147	0.0	12.8	0.31
148	0.0	14.4	0.30
149	0.0	14.3	0.30
150	0.0	10.0	0.28
151	0.0	9.9	0.30
152	0.0	10.9	0.28
153	0.0	8.4	0.29
154	1.2	10.3	0.28
155	0.0	11.5	0.34
156	3.7	12.3	0.33
157	13.9	12.7	0.33
158	6.1	11.5	0.58
159	4.7	12.1	0.40
160	17.7	16.0	0.46
161	2.9	15.8	0.38
162	3.0	13.1	0.33
163	0.0	16.3	0.36
164	12.0	20.8	0.35
165	2.0	16.0	0.35
166	7.5	14.2	0.40
167	1.5	13.7	0.39
168	0.1	13.8	0.39
169	0.2	14.4	0.35
170	8.6	13.4	0.40
171	0.1	11.4	0.45
172	0.0	12.4	0.39
173	0.0	13.3	0.39
174	0.0	15.8	0.34
175	1.2	16.2	0.35
176	7.3	14.4	0.58
177	2.0	14.7	0.41
178	0.0	14.3	0.36
179	13.2	14.3	0.35
180	6.5	14.6	0.63
181	0.1	13.8	0.43
182	0.0	15.7	0.39
183	0.0	16.0	0.36
184	0.0	18.7	0.36
185	0.0	21.2	0.32
186	0.0	20.0	0.31
187	0.0	20.5	0.29
188	0.0	18.0	0.27
189	0.7	18.5	0.25
190	0.0	18.2	0.26
191	0.0	18.3	0.26
192	0.0	18.5	0.26
193	11.6	19.6	0.24
194	0.2	16.2	0.35
195	0.0	14.5	0.23
196	0.0	11.9	0.24
197	0.0	11.8	0.23
198	0.8	14.3	0.26
199	16.4	14.2	0.44
200	0.1	15.1	0.35
201	0.0	15.7	0.30
202	0.0	13.5	0.30
203	0.0	14.5	0.27
204	0.0	17.1	0.25
205	8.7	17.5	0.26
206	8.0	14.0	0.35
207	0.1	14.6	0.42
208	0.4	14.3	0.29
209	24.6	13.2	0.33
210	11.0	14.0	1.04
211	0.2	17.4	0.72
212	0.0	14.7	0.43
213	0.0	14.8	0.36
214	0.0	13.5	0.34
215	0.0	15.8	0.33
216	0.0	17.3	0.32
217	0.0	17.2	0.30
218	0.0	19.0	0.28
219	6.1	17.8	0.28
220	0.0	17.2	0.42
221	0.0	14.5	0.31
222	0.2	12.8	0.30
223	4.8	14.5	0.31
224	9.7	14.5	0.36
225	0.8	16.7	0.50
226	0.0	16.1	0.38
227	0.0	18.5	0.34
228	5.5	18.6	0.35
229	47.1	16.8	0.64
230	17.9	16.9	0.77
231	1.8	14.2	0.52
232	4.8	13.9	0.45
233	0.7	13.8	0.43
234	0.2	14.5	0.39
235	1.4	13.5	0.40
236	0.3	14.8	0.41
237	0.0	15.2	0.36
238	2.9	17.3	0.35
239	12.7	15.4	0.47
240	0.2	14.2	0.66
241	0.0	14.0	0.43
242	0.7	13.8	0.38
243	0.0	16.3	0.35
244	0.0	16.1	0.30
245	1.7	17.0	0.31
246	2.2	14.6	0.35
247	0.1	12.9	0.32
248	0.0	13.9	0.30
249	1.2	16.3	0.31
250	0.0	16.3	0.32
251	2.0	12.9	0.30
252	0.5	12.2	0.32
253	0.0	12.0	0.32
254	0.0	14.6	0.29
255	0.0	14.4	0.30
256	0.0	10.1	0.31
257	0.0	10.5	0.30
258	0.0	11.0	0.30
259	0.0	10.5	0.30
260	0.0	9.4	0.27
261	0.0	7.7	0.28
262	0.0	7.4	0.29
263	0.0	7.6	0.28
264	0.5	9.1	0.30
265	0.0	10.7	0.30
266	0.0	13.0	0.28
267	1.5	11.5	0.26
268	0.5	12.3	0.26
269	0.1	14.4	0.27
270	0.0	13.3	0.26
271	0.1	14.1	0.26
272	0.0	13.6	0.26
273	9.0	13.7	0.26
274	5.9	11.3	0.40
275	2.5	8.8	0.29
276	0.3	8.9	0.29
277	6.9	9.9	0.32
278	1.2	12.2	0.34
279	0.2	14.8	0.31
280	2.0	15.4	0.31
281	0.1	14.6	0.30
282	0.5	13.5	0.30
283	0.8	12.5	0.30
284	0.0	9.3	0.29
285	0.0	11.1	0.27
286	0.1	10.6	0.33
287	0.2	9.4	0.39
288	0.2	9.1	0.43
289	0.2	11.4	0.40
290	0.0	11.7	0.35
291	0.0	11.5	0.32
292	0.0	113.7	0.39
293	0.1	15.5	0.37
294	0.0	17.4	0.28
295	0.9	15.5	0.30
296	0.6	14.9	0.30
297	0.7	12.0	0.31
298	0.5	10.9	0.31
299	0.2	10.0	0.30
300	0.1	11.5	0.30
301	0.0	10.5	0.30
302	0.0	9.9	0.31
303	0.0	8.7	0.31
304	5.5	12.1	0.32
305	5.3	9.0	0.32
306	20.5	11.4	0.36
307	9.2	10.1	0.67
308	6.3	10.0	0.60
309	0.3	9.4	0.45
310	0.5	9.4	0.39
311	0.0	11.4	0.36
312	6.6	12.1	0.40
313	1.3	13.0	0.45
314	0.0	14.0	0.40
315	4.1	13.0	0.36
316	5.0	10.0	0.53
317	5.7	4.5	0.52
318	11.0	7.0	0.50
319	1.7	6.0	0.76
320	0.7	4.9	0.49
321	1.7	2.3	0.47
322	1.6	3.0	0.44
323	0.5	3.1	0.41
324	0.7	3.2	0.39
325	7.1	4.8	0.42
326	3.6	3.6	0.49
327	6.6	5.0	0.47
328	5.0	6.1	0.61
329	3.6	4.1	0.75
330	0.2	1.4	0.69
331	0.0	-1.4	0.59
332	0.0	-1.5	0.51
333	0.3	-2.4	0.44
334	0.0	-0.2	0.43
335	0.0	0.4	0.39
336	0.0	-1.7	0.39
337	0.0	0.1	0.39
338	0.0	1.1	0.39
339	0.0	1.7	0.39
340	10.9	2.5	0.41
341	1.2	6.0	0.54
342	0.1	8.6	0.49
343	0.0	6.6	0.46
344	4.4	7.0	0.43
345	8.4	7.4	0.58
346	1.2	9.3	0.58
347	0.5	8.3	0.51
348	0.3	7.3	0.44
349	0.0	6.7	0.47
350	0.0	5.7	0.39
351	0.0	4.7	0.39
352	0.0	5.3	0.39
353	0.0	5.9	0.39
354	0.0	1.8	0.39
355	2.2	2.2	0.37
356	0.1	3.9	0.35
357	1.1	10.9	0.36
358	2.1	11.1	0.37
359	0.8	7.6	0.39
360	3.9	7.2	0.39
361	3.0	7.2	0.44
362	7.0	3.0	0.52
363	2.9	3.7	0.53
364	3.2	4.2	0.53
365	0.3	3.6	0.46
366	0.0	3.9	0.42
367	0.8	5.5	0.39
368	11.2	3.8	0.42
369	0.5	2.1	0.58
370	0.0	-0.8	0.50
371	0.0	-0.2	0.47
372	0.0	2.0	0.47
373	0.0	0.4	0.43
374	4.5	2.1	0.43
375	2.3	3.8	0.52
376	3.9	3.6	0.53
377	5.5	1.5	0.65
378	0.0	0.9	0.62
379	1.0	1.3	0.54
380	0.0	1.1	0.52
381	0.0	4.5	0.50
382	0.7	2.9	0.43
383	0.0	2.7	0.44
384	1.1	0.2	0.47
385	0.0	2.1	0.46
386	0.0	2.1	0.43
387	1.1	0.8	0.43
388	5.5	3.7	0.43
389	1.0	3.5	0.51
390	0.1	3.1	0.47
391	3.1	1.8	0.43
392	0.6	3.1	0.47
393	1.5	3.7	0.47
394	3.3	3.7	0.48
395	3.2	3.5	0.57
396	6.0	0.6	0.60
397	9.9	2.9	0.63
398	1.4	2.9	0.95
399	1.0	2.3	0.72
400	1.0	0.3	0.58
401	5.7	0.8	0.56
402	4.2	2.8	0.61
403	4.1	3.3	0.56
404	1.0	-0.4	0.59
405	0.5	-2.4	0.57
406	0.2	-3.7	0.53
407	0.2	-3.9	0.47
408	0.2	-2.5	0.47
409	1.0	-3.3	0.47
410	0.8	-2.8	0.46
411	0.3	0.1	0.43
412	0.0	-0.1	0.43
413	0.0	-3.3	0.43
414	0.0	-4.4	0.39
415	0.0	-4.5	0.39
416	0.0	-3.7	0.39
417	1.2	-1.7	0.39
418	0.0	2.8	0.39
419	1.1	7.8	0.41
420	0.0	9.4	0.41
421	0.2	11.6	0.39
422	0.0	10.4	0.39
423	0.2	9.2	0.39
424	0.0	9.3	0.39
425	0.0	9.2	0.39
426	1.7	7.6	0.39
427	0.0	7.0	0.40
428	0.0	5.0	0.42
429	0.0	4.4	0.35
430	0.0	2.4	0.36
431	0.1	3.7	0.38
432	0.5	4.1	0.38
433	0.0	5.5	0.37
