in_b=...
        [ 0   41.0400
    0.0139         0
    1.0208   41.0400
    1.0347         0
    2.0347   43.9200
    2.0486         0
    3.0208   43.2000
    3.0347         0
    4.9792   61.2000
    4.9931         0
    5.9861   39.6000
    5.9861         0
    6.9792   46.8000
    6.9931         0
    8.0625   75.6000
    8.0764         0
   10.0521   69.1200
   10.0660         0
   10.9792   41.7600
   10.9931         0
   12.0208   64.0800
   12.0347         0
   13.0208   43.2000
   13.0347         0
   14.9722   54.0000
   14.9861         0
   16.3229   43.2000
   16.3368         0
   17.9514   57.6000
   17.9653         0
   20.0313   64.8000
   20.0451         0
   21.0208   64.8000
   21.0347         0
   23.0139   64.8000
   23.0278         0
   25.0313   57.6000
   25.0451         0
   26.9722   50.4000
   26.9861         0
   28.9618   44.6400
   28.9757         0
   31.0139   57.6000
   31.0278         0
   32.3090   54.0000
   32.3229         0
   33.0000   61.2000
   33.0139         0
   34.9965   36.0000
   35.0104         0
   35.9549   43.2000
   35.9688         0
   38.0000   50.4000
   38.0139         0
   40.0000   59.4000
   40.0139         0
   40.9861   61.2000
   41.0000         0
   43.0174   54.0000
   43.0313         0
   44.0382   55.4400
   44.0521         0
   46.0208   43.2000
   46.0347         0
   48.9583   50.4000
   48.9722         0
   50.3438   36.0000
   50.3576         0
   51.0313   34.5600
   51.0451         0
   52.0174   54.0000
   52.0313         0
   53.9861   52.2000
   54.0000         0
   56.0903   43.2000
   56.1042         0
   57.9931   43.2000
   58.0069         0
   59.9792   14.4000
   59.9931         0
   60.9931   45.0000
   61.0069         0
   62.0417   46.8000
   62.0556         0
   63.9757   43.2000
   63.9896         0
   65.0694   45.0000
   65.0833         0
   67.1319   46.8000
   67.1458         0
   69.1146   39.6000
   69.1285         0
   72.0208   28.8000
   72.0347         0
         0   23.0400
   75.0000         0
   76.3332   39.6000
   76.3471         0]