A=[91	0	0	1000000	80
92	0.07	0	1000000	80
93	0.02	0	1000000	80
94	0	0	1000000	80
95	0	0	1000000	80
96	0.07	0	1000000	80
97	0.29	0	1000000	80
98	0.44	0	1000000	80
99	0.2	0	1000000	80
100	0.29	0	1000000	80
101	0.32	0	1000000	80
102	0.49	0	1000000	80
103	0.01	0	1000000	80
104	0	0	1000000	80
105	0	0	1000000	80
106	0	0	1000000	80
107	0	0	1000000	80
108	0	0	1000000	80
109	0	0	1000000	80
110	0	0	1000000	80
111	0	0	1000000	80
112	0	0	1000000	80
113	0.01	0	1000000	80
114	0.01	0	1000000	80
115	0	0	1000000	80
116	0.02	0	1000000	80
117	0	0	1000000	80
118	0.02	0	1000000	80
119	0.26	0	1000000	80
120	0.24	0	1000000	80
121	0.61	0	1000000	80
122	0	0	1000000	80
123	0.19	0	1000000	80
124	0.17	0	1000000	80
125	0.78	0	1000000	80
126	1.18	0	1000000	80
127	0.68	0	1000000	80
128	0	0	1000000	80
129	0	0	1000000	80
130	0	0	1000000	80
131	0	0	1000000	80
132	0	0	1000000	80
133	0	0	1000000	80
134	0	0	1000000	80
135	0	0	1000000	80
136	0	0	1000000	80
137	0.19	0	1000000	80
138	0.26	0	1000000	80
139	0.01	0	1000000	80
140	0.2	0	1000000	80
141	0	0	1000000	80
142	0.25	0	1000000	80
143	0.2	0	1000000	80
144	0.07	0	1000000	80
145	0	0	1000000	80
146	0	0	1000000	80
147	0.29	0	1000000	80
148	0.01	0	1000000	80
149	0	0	1000000	80
150	0	0	1000000	80]
